// ---------------------------------------------------------------------------
// 共通
// ---------------------------------------------------------------------------

#左上メニューボタン共通,0,0,180,720,0,0,0
	ＡＤＶメニュー,35,52,14,30,169,76,44,48,FE004569,44,48,97FEB30F
	フィールドメニュー,35,52,14,30,169,76,90,49,D4CD16F0,90,49,0C2FD977

#メニュー１上段チェック,0,190,1280,220,1,0,0
	上段1/4,357,206,343,191,469,222,353,201,F0CCBC33,352,205,2BF2BC00
	上段2/4,515,205,504,192,626,222,512,201,F0CCBC33,511,205,2BF2BC00
	上段3/4,673,204,661,191,788,222,671,201,F0CCBC33,670,205,2BF2BC00
	上段4/4,833,206,820,193,945,222,830,201,F0CCBC33,829,205,2BF2BC00

#メニュー１上段,0,220,1280,350,1,0,0
	上段1/4,442,315,339,223,475,349,353,224,52F600FA
	上段2/4,604,315,497,221,629,350,512,224,52F600FA
	上段3/4,759,315,658,223,787,349,671,224,52F600FA
	上段4/4,922,314,817,220,946,347,830,224,52F600FA

	上段1/4,442,334,339,242,475,368,353,243,52F600FA
	上段2/4,604,334,497,242,629,368,512,243,52F600FA,512,243,3EC211D3
	上段3/4,759,334,658,242,787,368,671,243,52F600FA
	上段4/4,922,334,817,242,946,368,830,243,52F600FA

	上段1/3,511,330,413,238,539,367,423,243,52F600FA
	上段2/3,675,331,575,240,702,364,586,243,52F600FA,586,243,3EC211D3
	上段3/3,838,333,738,240,864,363,749,243,52F600FA

#メニュー１下段チェック,0,350,1280,390,1,0,0
	下段1/4,354,372,340,357,467,390,353,369,F0CCBC33,352,373,2BF2BC00
	下段2/4,513,372,502,359,622,390,512,369,F0CCBC33,511,373,2BF2BC00
	下段3/4,673,371,660,357,787,389,671,369,F0CCBC33,670,373,2BF2BC00
	下段4/4,833,374,822,358,944,392,830,369,F0CCBC33,829,373,2BF2BC00

#メニュー１下段,0,390,1280,520,1,0,0
	下段1/4,441,485,343,392,470,518,353,392,52F600FA
	下段2/4,603,485,501,393,627,515,512,392,52F600FA
	下段3/4,760,482,658,392,785,514,671,392,52F600FA
	下段4/4,923,483,820,391,944,513,830,392,52F600FA

	下段1/4,441,504,343,411,470,537,353,411,52F600FA
	下段2/4,603,504,501,411,627,537,512,411,52F600FA
	下段3/4,760,504,658,411,785,537,671,411,52F600FA
	下段4/4,923,504,820,411,944,537,830,411,52F600FA

	下段1/3,513,501,414,409,537,533,423,411,52F600FA
	下段2/3,672,502,576,409,700,531,586,411,52F600FA
	下段3/3,839,500,739,407,863,533,749,411,52F600FA

#右パーティ枠,950,0,1280,720,0,0,0
	１人目,980, 56,960,  1,1280,120,970,  1,40927424,970,  1,$439F7564
	２人目,980,174,960,121,1280,240,970,121,40927424,970,121,$439F7564
	３人目,980,297,960,241,1280,360,970,241,40927424,970,241,$439F7564
	４人目,980,414,960,361,1280,480,970,361,40927424,970,361,$439F7564
	５人目,980,540,960,481,1280,600,970,481,40927424,970,481,$439F7564
	愛情ゲージ,

#右パーティ枠タブ,950,0,1280,720,0,1,0
	１人目,980, 56,960,  1,1280,120,970,  1,40927424,970,  1,$439F7564
	２人目,980,174,960,121,1280,240,970,121,40927424,970,121,$439F7564
	３人目,980,297,960,241,1280,360,970,241,40927424,970,241,$439F7564
	４人目,980,414,960,361,1280,480,970,361,40927424,970,361,$439F7564
	５人目,980,540,960,481,1280,600,970,481,40927424,970,481,$439F7564

// ---------------------------------------------------------------------------
// タイトル
// ---------------------------------------------------------------------------

@タイトル画面,#タイトル画面左列,#タイトル画面右列
	451,247,1A4E755E,ブの濁点

#タイトル画面左列,105,0,303,720,0,0,0
	はじめから,125,364,105,335,306,393,181,356,36D7E898
	つづきから,125,429,105,402,303,455,185,418,1492415F
	終了      ,125,641,105,611,303,665,150,646,45BFA6F7

#タイトル画面右列,340,0,500,720,0,0,0
	コンフィグ,359,587,341,564,502,611,441,587,5E59C28A
	マニュアル,356,644,341,621,503,664,424,649,D59DCE75

// ---------------------------------------------------------------------------
// セーブ・ロード
// ---------------------------------------------------------------------------

@セーブロード画面,#セーブロードタブ,#セーブロード上段,#セーブロード下段
	82,10,4E95FFEA,ロード画面のド
	83,7,A67AEEAB,セーブ画面のブ

@はいいいえ,#はいいいえ選択
	486,524,CA84A72F,はいのい
	815,526,C706AAB2,いいえのい

#はいいいえ選択,0,490,1280,570,1,0,0
	はい  ,532,528,364,489,581,567,487,527,705D8140,487,527,91FF944F,487,527,01BE5341
	いいえ,886,530,701,487,920,569,813,525,C5DD4E5E,813,525,5EF16783,813,525,5EF16783

#セーブロードタブ,0,55,1280,110,1,1,0
	タブ1,183,79,123,55,205,109,160,81,67DF85AB,160,81,$F50EC549,147,68,$DFE4B5FF
	タブ2,266,78,206,54,285,105,241,80,7CBD56A3,241,80,$0B7FD008,241,80,$45D814BB
	タブ3,347,80,288,54,369,106,327,77,EC2369A3,327,77,$C606C887,312,64,$456EC524
	タブ4,432,80,369,56,450,103,405,74,3C92FB58,405,74,$ADE7FA62,387,67,$3C2BE67C
	タブ5,511,78,452,58,533,106,484,74,C2D243F5,484,74,$88D2B035,470,68,$0C529A9D
	タブ6,595,79,534,57,615,108,567,73,B5D56F9F,567,73,$56E5A45E,560,65,$1CA21F07
	タブ7,676,80,615,55,698,104,653,77,37FCD6ED,653,77,$18380431,641,63,$555680AE
	タブ8,758,79,697,54,780,108,731,79,664C98DD,731,79,$D6CBD69C,724,65,$1CA21F07
	タブ9,841,79,780,57,860,109,820,83,1303709E,820,83,$07ED7371,799,66,$4566D11D
	タブ10,922,79,861,58,943,103,889,80,68DB8B83,889,80,$3051B17A,891,65,$DC866B1A
	タブAUTO,988,76,951,55,1042,108,963,74,C2B8129F,963,74,$C4F5FC9C

#セーブロード上段,0,110,1280,400,1,0,0
	枠1,274,328,167,122,450,388,276,329,CB007723
	枠2,584,330,467,124,757,389,584,330,CB007723
	枠3,881,332,774,125,1058,385,887,331,CB007723
	セーブ,1241,347,1218,146,1278,377,1241,347,F157FA1B,$1241,347,8660D78E

#セーブロード下段,0,400,1280,680,1,0,0
	枠1,275,609,164,406,449,669,275,609,CB007723
	枠2,578,606,465,406,756,671,578,606,CB007723
	枠3,883,611,775,408,1059,669,883,611,CB007723
	セーブ,1243,592,1211,391,1277,621,1243,592,FB0FA622,1243,592,$428AC617

// ---------------------------------------------------------------------------
// フィールド
// ---------------------------------------------------------------------------

@フィールド,#右パーティ枠,#左上メニューボタン共通,#フィールドショートカット
	45,52,B1637F54,フィールドメニューのィ
	45,52,EFF9852C,↑マウスホバー
	45,52,E9CD7672,↑ボタン押し下げ

@フィールドメニュー,#メニュー１上段,#メニュー１下段,#メニュー１下段チェック,#メニュー１上段チェック
	205,119,0AE34E49,フィールドメニューのィ

@ワールドマップ,#ワールドマップメニュー
	95,12,68D10A62,マップ確認のプ

#ワールドマップメニュー,1600,0,1280,720,0,0,0
	ミニマップ,1253,498,1073,463,1277,526,1107,479,75FF7A8B
	拡大縮小,1189,596,1078,564,1230,655,1145,594,DFE7EA22

#フィールドショートカット,670,0,950,720,1,0,0
	ボタン4,931,691,888,654,950,713,895,655,42690523,895,655,A5F76775,895,655,982C7061
	ボタン3,863,690,821,652,881,714,826,655,42690523,826,655,A5F76775,826,655,982C7061
	ボタン2,794,690,750,653,811,714,757,655,42690523,757,655,A5F76775,757,655,982C7061
	ボタン1,725,691,684,655,745,714,688,655,42690523,688,655,A5F76775,688,655,982C7061

// ---------------------------------------------------------------------------
// 戦闘
// ---------------------------------------------------------------------------

@戦闘中,#敵並び,#戦闘上段,#戦闘中段,#戦闘下段,#戦闘ログ
	1052,697,A22F342C,ログ表示で隠れる部分

@戦闘中 ログ表示,#敵並び,#戦闘上段,#戦闘中段,#戦闘下段,#戦闘ログ,#ログ続行選択
	266,54,A1454702,チェックボックス
	266,54,D85C962E,チェックボックス

@戦闘中 アイテム選択,#戦闘中アイテム選択枠
	943,40,82E1967C,アイテム選択 閉じる
	943,40,3375D5BE,↑のホバー
	943,40,500B7053,↑のMOUSEDOWN

#戦闘中アイテム選択枠,870,0,1232,700,0,0,120
	１段目,949,136,875, 74,1232,230,1195,222,6F2920A3,1195, 74,5556536F,1240,111,$87DA3F11
	２段目,949,297,875,231,1230,388,1195,381,6F2920A3,1195,233,5556536F
	３段目,949,458,876,389,1229,552,1195,540,6F2920A3,1185,392,5556536F
	４段目,949,619,875,554,1231,701,1195,699,6F2920A3,1185,551,5556536F,1236,667,$4D08BADF

@戦闘中 アイテム使用,#戦闘中アイテム使用者上段,#戦闘中アイテム使用者下段
	268,119,DCC2811A,使用の用

#戦闘中アイテム使用者上段,155,360,1125,485,1,0,0
	左,425,395,156,364,476,486,162,366,40927424,162,366,0075A1B9,162,366,4D8132E6
	中,749,398,479,366,800,485,486,366,40927424,486,366,0075A1B9,486,366,4D8132E6
	右,1071,399,803,362,1123,484,810,366,40927424,810,366,0075A1B9,810,366,4D8132E6

#戦闘中アイテム使用者下段,155,489,1134,610,1,0,0
	左,586,523,318,493,639,610,323,494,40927424,323,494,0075A1B9,323,494,4D8132E6
	右,910,523,641,491,964,612,647,494,40927424,647,494,0075A1B9,647,494,4D8132E6

#敵並び,0,100,1280,430,1,1,0
	１匹中央,635,274,506,91,777,434,562,25,DD894816
	２匹左側,387,267,267,103,520,442,337,25,DD894816
	２匹右側,890,267,762,110,1027,428,784,25,DD894816
	３匹左側,387,267,267,103,520,442,337,25,DD894816
	３匹中央,635,274,506,91,777,434,562,25,DD894816
	３匹右側,890,267,762,110,1027,428,784,25,DD894816
	５匹左端,237,261,116,58,357,421,110,25,DD894816
	５匹右端,1031,260,945,76,1163,420,1006,25,DD894816

#戦闘上段,0,475,1280,550,1,0,0
	左, 932,521, 798,477, 955,548,807,480,415B5754
	中,1093,522, 956,478,1114,548,967,480,415B5754
	右,1254,521,1116,475,1275,550,1127,480,415B5754
	味方左,215,508,  9,479,266,578,214,499,398C9C4F,214,491,398C9C4F
	味方中,478,509,270,477,529,571,477,499,398C9C4F,477,491,398C9C4F
	味方右,742,510,532,479,788,581,740,499,398C9C4F,740,491,398C9C4F

#戦闘中段,0,550,1280,625,1,0,0
	左,934,595,798,554,954,625,807,554,415B5754
	中,1093,596,955,551,1115,623,967,554,415B5754
	右,1256,592,1116,553,1275,627,1127,554,415B5754
	味方左,334,618,123,589,384,689,331,609,398C9C4F,331,601,398C9C4F
	味方右,627,617,417,588,674,689,625,609,398C9C4F,625,601,398C9C4F

#戦闘下段,0,625,1280,700,1,0,0
	左,934,668,797,625,955,695,807,628,415B5754
	中,1094,668,955,626,1114,696,967,628,415B5754
	右,1254,668,1115,625,1277,697,1127,628,415B5754
	オートボタン,36,662,4,590,109,694,

#戦闘ログ,0,700,1280,720,1,0,0
	ボタン,1016,707,917,700,1040,719,996,706,0E4AB083,996,706,0E4AB083,996,706,6461693F

#ログ続行選択,0,50,1280,75,1,1,0
	チェックボックス,274,63,265,52,582,79,269,58,EDF68A09

@戦闘リザルト
	668,81,E701F38C,リザルトの濁点

// ---------------------------------------------------------------------------
// アドベンチャーパート
// ---------------------------------------------------------------------------

@会話中,#左上メニューボタン共通
	72,54,8CDC7812,ADVメニューのV
	72,54,CCF7451D,↑のホバー
	72,54,708979A8,↑のMOUSEDOWN

@ＡＤＶメニュー,#メニュー１上段,#メニュー１下段,#メニュー１下段チェック,#メニュー１上段チェック
	227,128,378FFCB2,ADVメニューのV

@バックログ,
	974,32,904C9141,スクロールバーの△
	974,32,EB0FC4F1,↑のホバー

// ---------------------------------------------------------------------------
// ステータス
// ---------------------------------------------------------------------------

@ステータス,#右パーティ枠タブ,#ステータス装備枠,#ステータススキル構成ボタン
	292,637,06DC0BC2,スキル構成ボタン
	292,637,489D8330,↑のオンホバー
	292,637,E5452F71,↑のMOUSEDOWN

#ステータススキル構成ボタン,0,0,500,720,0,0,0
	ボタン,400,633,206,602,440,665,292,637,06DC0BC2,292,637,489D8330,292,637,E5452F71

@ステータス 装備選択,#右パーティ枠タブ,#ステータス装備枠,#装備中アイテム枠,#ステータス選択枠
	835,170,E33B1063,装備中アイテム 武器
	834,251,01222B9D,装備中アイテム 防具
	833,333,E9F55AB1,装備中アイテム アイテム

#ステータス装備枠,820,0,950,720,0,0,0
	武器枠,839,199,829,138,928,221,834,166,87A2787C,836,167,4B326575
	防具枠,839,280,831,221,928,301,834,249,9D6F2341,834,251,01222B9D
	アイテム枠,838,362,829,302,931,384,833,321,39789885,835,336,A15207B3

#装備中アイテム枠,450,0,820,720,0,0,0
	武器枠,790,288,455,135,817,325,658,146,4F5114A3
	防具枠,790,370,458,213,817,407,659,228,45A936BB
	アイテム枠,772,448,459,297,818,485,642,310,5BDE8BF2

#ステータス選択枠,0,0,450,720,0,0,120
	リスト1,370,166,46, 41,401,196,388, 40,9284256A,370,187,9FC238BA,388, 40,5556536F,407, 88,$5E9498CC
	リスト2,378,325,45,197,402,355,388,199,9284256A,370,346,9FC238BA,388,199,5556536F
	リスト3,381,486,48,359,401,518,388,358,9284256A,370,505,9FC238BA,388,358,5556536F
	リスト4,377,639,47,517,399,672,388,517,9284256A,370,664,9FC238BA,388,517,5556536F,408,627,$E390A90E

// ---------------------------------------------------------------------------
// スキル設定
// ---------------------------------------------------------------------------

@スキル構成,#右パーティ枠,#スキル構成タブ,#スキル行1
	53,133,5C41C1B1,
	185,134,187BE770,
	321,136,732B2B33,
	450,131,D2BEB7B4,


#スキル構成タブ,0,100,575,160,1,1,0
	魔攻スキル, 58,131,40,99,172,159,53,133,5C41C1B1,51,129,$28C08EEC
	魔攻スキル,192,132,174,102,305,160,185,134,187BE770,187,133,$0BEC4082
	支援スキル,326,134,308,103,437,158,321,136,732B2B33,319,135,$8724186D
	能力スキル,456,134,438,101,573,158,450,131,D2BEB7B4,452,128,$714314D5

#スキル行1, 30,245,830,350,1,0,0
	列1,207,283, 43,245,229,339, 51,262,69D1CA9F, 51,262,758BFF48, 51,262,8E30EB93
	列2,401,285,236,247,423,340,244,262,69D1CA9F,244,262,758BFF48,244,262,8E30EB93
	列3,594,285,429,247,616,340,437,262,69D1CA9F,437,262,758BFF48,437,262,8E30EB93
	列4,787,285,622,247,809,340,630,262,69D1CA9F,630,262,758BFF48,630,262,8E30EB93
	３人目,980,297,960,241,1280,360,970,241,40927424,970,241,$439F7564
	２人目,980,174,960,121,1280,240,970,121,40927424,970,121,$439F7564
	１人目,980, 56,960,  1,1280,120,970,  1,40927424,970,  1,$439F7564

#スキル行2, 30,350,830,455,1,0,0
	列1,
	列2,
	列3,
	列4,
	４人目,980,414,960,361,1280,480,970,361,40927424,970,361,$439F7564
	５人目,980,540,960,481,1280,600,970,481,40927424,970,481,$439F7564

#スキル行3, 30,455,830,560,1,0,0
	列1,
	列2,
	列3,
	列4,
	５人目,980,540,960,481,1280,600,970,481,40927424,970,481,$439F7564

#スキル行4, 30,560,830,665,1,0,0
	列1,
	列2,
	列3,
	列4,
	５人目,980,540,960,481,1280,600,970,481,40927424,970,481,$439F7564

// ---------------------------------------------------------------------------
// 特殊モード
// ---------------------------------------------------------------------------

@アスタの婚姻状況,
	185,35,20666E86,婚姻

// ---------------------------------------------------------------------------
// 街中
// ---------------------------------------------------------------------------

@街行動選択,#メニュー１上段,#メニュー１下段
	191,143,9A5E45C4,街行動選択の街

@レベルアップ
	726,117,EE13E75F,レベルアップ!!の!

// ---------------------------------------------------------------------------
// アイテム
// ---------------------------------------------------------------------------

@アイテム整理,#アイテム整理タブ,#アイテム欄左,#アイテム欄右,#アイテム整理ダミー,#アイテム整理メニュー
	137,35,55EFE8E6,アイテム すべて
	245,35,480E895A,アイテム 武器
	358,51,092B9E55,アイテム 防具
	456,38,AAC64067,アイテム 持ち物
	563,38,CF102B97,アイテム 消耗品
	679,40,C46315F9,アイテム お宝
	774,37,79-EE-A8-7B-6F-32-08-52-9E-4D-52-59-4D-C4-97-FC,アイテム 貴重品


#アイテム整理タブ,0,0,1280,65,1,1,0
	すべて,141,43,117,8,222,72,137,35,55EFE8E6,136,35,$EB7103B7
	武器  ,254,42,224,10,328,70,245,35,480E895A,245,33,$1BED6A83
	防具  ,363,42,330,12,435,69,358,51,092B9E55,358,49,$4CF27999
	持ち物,459,42,437,10,543,69,456,38,AAC64067,456,36,$5DE51B46
	消耗品,565,44,546,12,648,71,563,38,CF102B97,563,36,$55554621
	お宝  ,682,43,653,10,755,67,679,40,C46315F9,680,35,$FED73B42
	貴重品,

#アイテム欄左,120,75,475,720,0,0,120
	段1,193,138,121,76,471,228,440,222,6F2920A3,440,222,DE0A9DA2,840,114,$D6D675A1
	段2,193,296,121,232,473,391,440,381,6F2920A3,440,381,DE0A9DA2
	段3,194,457,122,392,474,549,440,540,6F2920A3,440,540,DE0A9DA2
	段4,192,611,121,553,473,709,440,699,6F2920A3,440,699,DE0A9DA2,839,659,$E390A90E

#アイテム欄右,470,75,825,720,0,0,120
	段1,548,134,479,72,831,229,796,222,6F2920A3,796,222,DE0A9DA2,840,114,$D6D675A1
	段2,548,294,475,233,829,388,796,381,6F2920A3,796,381,DE0A9DA2
	段3,550,454,476,390,829,549,796,540,6F2920A3,796,540,DE0A9DA2
	段4,550,611,478,550,832,706,796,699,6F2920A3,796,699,DE0A9DA2,839,659,$E390A90E

#アイテム整理メニュー,870,0,1125,720,0,0,0
	確認するチェックボックス,908,467,895,454,1132,478,900,459,E6E0981F

#アイテム整理ダミー,0,0,1,720,0,0,0
	上のタブにジャンプ,

// ---------------------------------------------------------------------------
// コンフィグ (後回し)
// ---------------------------------------------------------------------------

@コンフィグ メッセージ速度,
	91,96,A0202C23,コンフィグのィ

@コンフィグ メッセージ,
	237,109,D0F55D23,メッセージのッ

@コンフィグ メッセージウィンドウ,
	368,100,3CD9663D,メッセージウィンドウのッ

@コンフィグ サウンド,
	551,104,47F1FD41,サウンドのド

@コンフィグ 入力,
	644,104,D066B3B1,入力の入

@コンフィグ ウィンドウ,
	807,103,1F3AFC5B,ウィンドウのド

@コンフィグ ３Ｄ設定,
	891,108,975679CF,３Ｄの３

@コンフィグ ゲーム設定,
	1018,102,6D629BDB,ゲーム設定のゲ

// ---------------------------------------------------------------------------
// 未調整
// ---------------------------------------------------------------------------

ｘｘｘ を手に入れた！
嫁イベント選択
アスタの婚姻状況(会話中)
行動選択　１列時～５列時
敵１匹～５匹の時の座標

// ---------------------------------------------------------------------------
